0.902808 0.000000 -0.430044 -1.317757 0.000000 1.000000 0.000000 -1.137282 0.430044 0.000000 0.902808 1.844883 0.000000 0.000000 0.000000 1.000000
0.902808 -0.000000 0.430044 0.396300 -0.000000 1.000000 -0.000000 1.137282 -0.430044 -0.000000 0.902808 -2.232269 -0.000000 0.000000 -0.000000 1.000000
-0.239744 0.129139 -0.935191
-0.776495 0.000000 0.630124
0.643428 -0.267410 0.717282 0.259274 0.957748 0.124481 -0.720263 0.105878 0.685574
0.683404 0.090383 0.724424 -0.073172 0.995790 -0.055211 -0.726364 -0.015276 0.687140
