-0.973433 0.000000 0.228971 0.894059 0.000000 1.000000 0.000000 0.045030 -0.228971 0.000000 -0.973433 -1.732514 0.000000 0.000000 0.000000 1.000000
-0.973433 -0.000000 -0.228971 0.473612 -0.000000 1.000000 -0.000000 -0.045030 0.228971 -0.000000 -0.973433 -1.891200 -0.000000 0.000000 0.000000 1.000000
0.228351 1.220238 1.222471
0.228971 0.000000 -0.973433
-0.729016 -0.586038 -0.353687 -0.567856 0.806309 -0.165546 0.382197 0.080157 -0.920598
-0.874023 0.340538 -0.346578 0.331388 0.939442 0.087353 0.355337 -0.038504 -0.933945
