0.916141 0.000000 -0.400856 -1.122318 0.000000 1.000000 0.000000 -1.129797 0.400856 0.000000 0.916141 1.877302 0.000000 0.000000 0.000000 1.000000
0.916141 -0.000000 0.400856 0.275673 -0.000000 1.000000 -0.000000 1.129797 -0.400856 -0.000000 0.916141 -2.169762 -0.000000 0.000000 -0.000000 1.000000
-0.166255 0.140488 -0.881542
-0.734482 0.000000 0.678629
0.643428 -0.267410 0.717282 0.259274 0.957748 0.124481 -0.720263 0.105878 0.685574
0.613113 -0.087207 -0.785167 0.003462 0.994175 -0.107719 0.789988 0.063326 0.609844
