0.617447 0.000000 -0.786612 -2.442981 0.000000 1.000000 0.000000 -1.114244 0.786612 0.000000 0.617447 0.727680 0.000000 0.000000 0.000000 1.000000
0.617447 -0.000000 0.786612 0.936009 -0.000000 1.000000 -0.000000 1.114244 -0.786612 -0.000000 0.617447 -2.370984 -0.000000 0.000000 -0.000000 1.000000
-0.136391 0.112875 -0.933661
-0.786613 0.000000 0.617447
1.000000 0.000000 0.000000 0.000000 1.000000 0.000000 0.000000 0.000000 1.000000
0.582074 0.011415 0.813056 -0.222203 0.964076 0.145542 -0.782186 -0.265380 0.563700
