0.579495 0.000000 -0.814976 -2.512940 0.000000 1.000000 0.000000 -1.171524 0.814976 0.000000 0.579495 1.378692 0.000000 0.000000 0.000000 1.000000
0.579495 -0.000000 0.814976 0.332635 -0.000000 1.000000 -0.000000 1.171524 -0.814976 -0.000000 0.579495 -2.846931 -0.000000 0.000000 -0.000000 1.000000
-0.491899 0.075469 -0.752170
-0.944549 0.000000 -0.328372
-0.557345 -0.437824 -0.705462 -0.385840 0.888926 -0.246856 0.735183 0.134612 -0.664368
-0.361921 0.014057 0.932103 -0.159531 0.984202 -0.076786 -0.918457 -0.176490 -0.353961
