-0.741375 0.000000 0.671091 0.576694 0.000000 1.000000 0.000000 -5.233638 -0.671091 0.000000 -0.741375 -1.972584 0.000000 0.000000 0.000000 1.000000
-0.741375 0.000000 -0.671091 -0.896237 -0.000000 1.000000 0.000000 5.233637 0.671091 -0.000000 -0.741375 -1.849438 -0.000000 0.000000 0.000000 1.000000
-1.324585 -4.111539 0.187062
0.671091 0.000000 -0.741375
-0.680523 -0.406920 -0.609347 -0.284088 0.913096 -0.292490 0.675412 -0.025938 -0.736984
-0.687497 0.207498 -0.695911 0.284105 0.958779 0.005206 0.668305 -0.194133 -0.718109
