0.908225 0.000000 -0.418483 -1.086970 0.000000 1.000000 0.000000 -1.100910 0.418483 0.000000 0.908225 1.886496 0.000000 0.000000 0.000000 1.000000
0.908225 -0.000000 0.418483 0.197747 -0.000000 1.000000 -0.000000 1.100910 -0.418483 -0.000000 0.908225 -2.168241 -0.000000 0.000000 -0.000000 1.000000
-0.074063 0.137604 -0.875991
-0.760153 0.000000 0.649744
0.643428 -0.267410 0.717282 0.259274 0.957748 0.124481 -0.720263 0.105878 0.685574
0.575373 -0.181263 -0.797552 -0.002490 0.974740 -0.223330 0.817887 0.130484 0.560388
