0.911936 0.000000 -0.410334 -1.082919 0.000000 1.000000 0.000000 -1.140303 0.410334 0.000000 0.911936 1.840318 0.000000 0.000000 0.000000 1.000000
0.911936 -0.000000 0.410334 0.232408 -0.000000 1.000000 -0.000000 1.140303 -0.410334 -0.000000 0.911936 -2.122609 -0.000000 0.000000 -0.000000 1.000000
-0.001757 0.108696 -1.001447
-0.748396 0.000000 0.663253
0.643428 -0.267410 0.717282 0.259274 0.957748 0.124481 -0.720263 0.105878 0.685574
0.627911 -0.007333 -0.778251 -0.013546 0.999701 -0.020349 0.778167 0.023319 0.627624
