0.927209 0.000000 -0.374544 -1.022430 0.000000 1.000000 0.000000 -1.149056 0.374544 0.000000 0.927209 2.010096 0.000000 0.000000 0.000000 1.000000
0.927209 -0.000000 0.374544 0.195136 -0.000000 1.000000 -0.000000 1.149056 -0.374544 -0.000000 0.927209 -2.246724 -0.000000 0.000000 -0.000000 1.000000
-0.069961 0.162143 -0.862929
-0.694562 0.000000 0.719433
0.643428 -0.267410 0.717282 0.259274 0.957748 0.124481 -0.720263 0.105878 0.685574
0.014057 -0.159531 -0.076786 -0.176490 1.000000 0.000000 0.000000 0.000000 1.000000
