0.551429 0.000000 -0.834222 -2.594764 0.000000 1.000000 0.000000 -1.178539 0.834222 0.000000 0.551429 0.594148 0.000000 0.000000 0.000000 1.000000
0.551429 -0.000000 0.834222 0.935177 -0.000000 1.000000 -0.000000 1.178539 -0.834222 -0.000000 0.551429 -2.492239 -0.000000 0.000000 -0.000000 1.000000
-0.139666 0.054752 -1.041008
-0.834222 0.000000 0.551429
-0.557345 -0.437824 -0.705462 -0.385840 0.888926 -0.246856 0.735183 0.134612 -0.664368
0.643815 0.154494 0.749422 -0.091784 0.987926 -0.124813 -0.759656 0.011572 0.650222
