-0.672578 0.000000 0.740026 1.174792 0.000000 1.000000 0.000000 -5.284133 -0.740026 0.000000 -0.672578 -2.103656 0.000000 0.000000 0.000000 1.000000
-0.672578 0.000000 -0.740026 -0.766620 -0.000000 1.000000 0.000000 5.284133 0.740026 -0.000000 -0.672578 -2.284250 -0.000000 0.000000 0.000000 1.000000
-1.151306 -4.214662 0.031230
0.740026 0.000000 -0.672578
-0.557345 -0.437824 -0.705462 -0.385840 0.888926 -0.246856 0.735183 0.134612 -0.664368
-0.674160 0.630575 -0.384556 0.342044 0.728018 0.594134 0.654610 0.269007 -0.706485
