0.732054 0.000000 -0.681247 -2.191069 0.000000 1.000000 0.000000 -1.180265 0.681247 0.000000 0.732054 1.305539 0.000000 0.000000 0.000000 1.000000
0.732054 -0.000000 0.681247 0.714587 -0.000000 1.000000 -0.000000 1.180265 -0.681247 -0.000000 0.732054 -2.448384 -0.000000 0.000000 -0.000000 1.000000
0.028946 0.044993 -1.074669
-0.681247 0.000000 0.732054
-0.557345 -0.437824 -0.705462 -0.385840 0.888926 -0.246856 0.735183 0.134612 -0.664368
0.735950 0.105568 0.668755 -0.093142 0.994164 -0.054436 -0.670599 -0.022227 0.741487
